image: g2_no_odom.pgm
resolution: 0.050000
origin: [-4.865343, -3.270771, 0.000000]
negate: 0
occupied_thresh: 0.65
free_thresh: 0.196

