image: g4.pgm
resolution: 0.050000
origin: [-7.117802, -9.604901, 0.000000]
negate: 0
occupied_thresh: 0.65
free_thresh: 0.196

